SVM (rbf) result
----------------

[[78912     0     0    15    25     0     0     0]
 [   42     0     0     0     0     0     0     0]
 [   36     0     0     0     0     0     0     0]
 [ 2229     0     0   239   151     0     0     0]
 [ 1175     0     0     0  1601     0     0     0]
 [ 2266     0     0     0     0     0     0     0]
 [   47     0     0     4     1     0     0     0]
 [   36     0     0     0     2     0     0     0]]



      Benign       0.93      1.00      0.96     78952
      Botnet       0.00      0.00      0.00        42
  Bruteforce       0.00      0.00      0.00        36
        DDoS       0.93      0.09      0.17      2619
         DoS       0.90      0.58      0.70      2776
Infiltration       0.00      0.00      0.00      2266
    Portscan       0.00      0.00      0.00        52
   Webattack       0.00      0.00      0.00        38

    accuracy                           0.93     86781
   macro avg       0.34      0.21      0.23     86781
weighted avg       0.90      0.93      0.90     86781

Mahendra

======================= RESTART: E:\P1\classification.py =======================
Random Forest Result
--------------------
347122 55
[[79111     0     0     9    28     0     0     0]
 [   43     0     0     0     0     0     0     0]
 [   38     0     0     0     0     0     0     0]
 [ 1837     0     0   701     1     0     0     0]
 [  832     0     0     5  1873     0     0     0]
 [ 2225     0     0     0     0     0     0     0]
 [   32     0     0     7     2     0     0     0]
 [   36     0     0     0     1     0     0     0]]

              precision    recall  f1-score   support

      Benign       0.94      1.00      0.97     79148
      Botnet       0.00      0.00      0.00        43
  Bruteforce       0.00      0.00      0.00        38
        DDoS       0.97      0.28      0.43      2539
         DoS       0.98      0.69      0.81      2710
Infiltration       0.00      0.00      0.00      2225
    Portscan       0.00      0.00      0.00        41
   Webattack       0.00      0.00      0.00        37

    accuracy                           0.94     86781
   macro avg       0.36      0.25      0.28     86781
weighted avg       0.92      0.94      0.92     86781

Mahendra

======================= RESTART: E:\P1\classification.py =======================
347122 55

MLP Matrix

[[78936     0     0     0   116     0     0     0]
 [   47     0     0     0     0     0     0     0]
 [   26     0     0     0     0     0     0     0]
 [ 2068     0     0     0   520     0     0     0]
 [ 1069     0     0     0  1650     0     0     0]
 [ 2260     0     0     0     0     0     0     0]
 [   47     0     0     0     1     0     0     0]
 [   39     0     0     0     2     0     0     0]]

MLP Report

      Benign       0.93      1.00      0.97     79052
      Botnet       0.00      0.00      0.00        47
  Bruteforce       0.00      0.00      0.00        26
        DDoS       0.00      0.00      0.00      2588
         DoS       0.72      0.61      0.66      2719
Infiltration       0.00      0.00      0.00      2260
    Portscan       0.00      0.00      0.00        48
   Webattack       0.00      0.00      0.00        41

    accuracy                           0.93     86781
   macro avg       0.21      0.20      0.20     86781
weighted avg       0.87      0.93      0.90     86781

XGBoost Result
--------------

347122 55
[[79031     3     2    31    28    11     4     1]
 [   19    19     0     0     0     0     0     0]
 [   24     0    11     2     1     0     0     0]
 [   86     0     0  2451     6     0     8     0]
 [  113     0     6     9  2600     0     0     0]
 [ 2224     1     0     1     1    21     0     0]
 [   16     0     0    13     0     0    10     0]
 [   22     0     0     0     0     0     0     6]]
              precision    recall  f1-score   support

           0       0.97      1.00      0.98     79111
           1       0.83      0.50      0.62        38
           2       0.58      0.29      0.39        38
           3       0.98      0.96      0.97      2551
           4       0.99      0.95      0.97      2728
           5       0.66      0.01      0.02      2248
           6       0.45      0.26      0.33        39
           7       0.86      0.21      0.34        28

    accuracy                           0.97     86781
   macro avg       0.79      0.52      0.58     86781
weighted avg       0.96      0.97      0.96     86781

Rough Set (Rule Based): Consume more run-time memory
----------------------------------------------------

Classification Report:
              precision    recall  f1-score   support

      Benign       0.91      0.98      0.94     79072
      Botnet       0.04      0.03      0.03        40
  Bruteforce       0.00      0.00      0.00        32
        DDoS       0.02      0.00      0.00      2544
         DoS       0.05      0.00      0.00      2753
Infiltration       0.01      0.00      0.00      2263
    Portscan       0.00      0.00      0.00        36
   Webattack       0.00      0.00      0.00        41

    accuracy                           0.89     86781
   macro avg       0.13      0.13      0.12     86781
weighted avg       0.83      0.89      0.86     86781
